Running model for  2 classes
Model 1: llik = -20884.53 ... best llik = -20884.53
Model 2: llik = -20884.53 ... best llik = -20884.53
Model 3: llik = -20884.53 ... best llik = -20884.53
Model 4: llik = -20884.53 ... best llik = -20884.53
Model 5: llik = -20884.53 ... best llik = -20884.53
Model 6: llik = -20884.53 ... best llik = -20884.53
Model 7: llik = -20884.53 ... best llik = -20884.53
Model 8: llik = -20884.53 ... best llik = -20884.53
Model 9: llik = -20884.53 ... best llik = -20884.53
Model 10: llik = -20884.53 ... best llik = -20884.53
Model 11: llik = -20884.53 ... best llik = -20884.53
Model 12: llik = -20884.53 ... best llik = -20884.53
Model 13: llik = -20884.53 ... best llik = -20884.53
Model 14: llik = -20884.53 ... best llik = -20884.53
Model 15: llik = -20884.53 ... best llik = -20884.53
Model 16: llik = -20884.53 ... best llik = -20884.53
Model 17: llik = -20884.53 ... best llik = -20884.53
Model 18: llik = -20884.53 ... best llik = -20884.53
Model 19: llik = -20884.53 ... best llik = -20884.53
Model 20: llik = -20884.53 ... best llik = -20884.53
Conditional item response (column) probabilities,
 by outcome variable, for each class (row) 
 
$PoliticsIN13
           Pr(1)  Pr(2)  Pr(3)
class 1:  0.8658 0.1052 0.0290
class 2:  0.3796 0.5245 0.0959

$GovernmentProcessIN13
           Pr(1)  Pr(2)  Pr(3)
class 1:  0.7424 0.2045 0.0531
class 2:  0.1591 0.7192 0.1218

$CouncilTaxIN13
           Pr(1)  Pr(2)  Pr(3)
class 1:  0.8451 0.1210 0.0338
class 2:  0.2941 0.5361 0.1697

$PublicServicesIN13
           Pr(1)  Pr(2)  Pr(3)
class 1:  0.7600 0.1995 0.0406
class 2:  0.1866 0.6099 0.2035

$ApplyForJobIN13
           Pr(1)  Pr(2)  Pr(3)
class 1:  0.7984 0.1430 0.0587
class 2:  0.3491 0.4764 0.1745

$LeisureIN13
          Pr(1)  Pr(2)  Pr(3)
class 1:  0.576 0.2732 0.1509
class 2:  0.080 0.4238 0.4962

$ProductsIN13
           Pr(1)  Pr(2)  Pr(3)
class 1:  0.6756 0.2428 0.0817
class 2:  0.1101 0.4732 0.4166

$CulturalActivitiesIN13
           Pr(1)  Pr(2)  Pr(3)
class 1:  0.8047 0.1360 0.0593
class 2:  0.2789 0.4747 0.2463

$PayBillsIN13
           Pr(1)  Pr(2)  Pr(3)
class 1:  0.7633 0.1146 0.1221
class 2:  0.2239 0.3608 0.4153

$SocialMediaRecodeIn21
           Pr(1)  Pr(2)
class 1:  0.3413 0.6587
class 2:  0.0973 0.9027

$SearchEngineRecodeIN45
           Pr(1)  Pr(2)
class 1:  0.0570 0.9430
class 2:  0.0107 0.9893

$YouTubeRecodeIN19
           Pr(1)  Pr(2)
class 1:  0.4359 0.5641
class 2:  0.0855 0.9145

$NetflixRecodeT1
           Pr(1)  Pr(2)
class 1:  0.5021 0.4979
class 2:  0.1949 0.8051

$GamingRecodeG1
           Pr(1)  Pr(2)
class 1:  0.6794 0.3206
class 2:  0.5249 0.4751

$TotalSocialMediaCats
           Pr(1)  Pr(2)  Pr(3)  Pr(4)
class 1:  0.3437 0.2455 0.2379 0.1729
class 2:  0.0973 0.1764 0.3307 0.3956

$SmartPhoneRecodeSUMA4A
           Pr(1)  Pr(2)
class 1:  0.2205 0.7795
class 2:  0.0318 0.9682

$NewAppsSitesRecodeIn12
           Pr(1)  Pr(2)  Pr(3)  Pr(4)
class 1:  0.0517 0.5328 0.2870 0.1285
class 2:  0.0086 0.2356 0.4998 0.2559

Estimated class population shares 
 0.5096 0.4904 
 
Predicted class memberships (by modal posterior prob.) 
 0.5106 0.4894 
 
========================================================= 
Fit for 2 latent classes: 
========================================================= 
number of observations: 1602 
number of estimated parameters: 61 
residual degrees of freedom: 1541 
maximum log-likelihood: -20884.53 
 
AIC(2): 41891.05
BIC(2): 42219.17
G^2(2): 18508.61 (Likelihood ratio/deviance statistic) 
X^2(2): 36259814 (Chi-square goodness of fit) 
 
Running model for  3 classes
Model 1: llik = -20086.26 ... best llik = -20086.26
Model 2: llik = -20440.68 ... best llik = -20086.26
Model 3: llik = -20086.26 ... best llik = -20086.26
Model 4: llik = -20084.51 ... best llik = -20084.51
Model 5: llik = -20086.26 ... best llik = -20084.51
Model 6: llik = -20084.51 ... best llik = -20084.51
Model 7: llik = -20086.26 ... best llik = -20084.51
Model 8: llik = -20084.51 ... best llik = -20084.51
Model 9: llik = -20086.26 ... best llik = -20084.51
Model 10: llik = -20440.68 ... best llik = -20084.51
Model 11: llik = -20440.68 ... best llik = -20084.51
Model 12: llik = -20086.26 ... best llik = -20084.51
Model 13: llik = -20086.26 ... best llik = -20084.51
Model 14: llik = -20084.51 ... best llik = -20084.51
Model 15: llik = -20086.26 ... best llik = -20084.51
Model 16: llik = -20084.51 ... best llik = -20084.51
Model 17: llik = -20086.26 ... best llik = -20084.51
Model 18: llik = -20084.51 ... best llik = -20084.51
Model 19: llik = -20440.68 ... best llik = -20084.51
Model 20: llik = -20084.51 ... best llik = -20084.51
Conditional item response (column) probabilities,
 by outcome variable, for each class (row) 
 
$PoliticsIN13
           Pr(1)  Pr(2)  Pr(3)
class 1:  0.7985 0.1574 0.0441
class 2:  0.8845 0.0938 0.0217
class 3:  0.3235 0.5769 0.0995

$GovernmentProcessIN13
           Pr(1)  Pr(2)  Pr(3)
class 1:  0.7081 0.2319 0.0601
class 2:  0.6455 0.3153 0.0392
class 3:  0.0981 0.7643 0.1377

$CouncilTaxIN13
           Pr(1)  Pr(2)  Pr(3)
class 1:  0.7960 0.1543 0.0497
class 2:  0.8028 0.1647 0.0325
class 3:  0.2314 0.5819 0.1868

$PublicServicesIN13
           Pr(1)  Pr(2)  Pr(3)
class 1:  0.7321 0.2118 0.0560
class 2:  0.6633 0.3048 0.0319
class 3:  0.1210 0.6480 0.2310

$ApplyForJobIN13
           Pr(1)  Pr(2)  Pr(3)
class 1:  0.6941 0.2106 0.0952
class 2:  0.8797 0.0896 0.0307
class 3:  0.3123 0.5108 0.1769

$LeisureIN13
           Pr(1)  Pr(2)  Pr(3)
class 1:  0.4793 0.3135 0.2071
class 2:  0.6065 0.2711 0.1223
class 3:  0.0474 0.4186 0.5340

$ProductsIN13
           Pr(1)  Pr(2)  Pr(3)
class 1:  0.6271 0.2638 0.1091
class 2:  0.6059 0.2885 0.1056
class 3:  0.0559 0.4859 0.4582

$CulturalActivitiesIN13
           Pr(1)  Pr(2)  Pr(3)
class 1:  0.8025 0.1397 0.0578
class 2:  0.7191 0.1917 0.0892
class 3:  0.1923 0.5278 0.2799

$PayBillsIN13
           Pr(1)  Pr(2)  Pr(3)
class 1:  0.6978 0.1430 0.1592
class 2:  0.7577 0.1263 0.1160
class 3:  0.1643 0.3853 0.4505

$SocialMediaRecodeIn21
           Pr(1)  Pr(2)
class 1:  0.0000 1.0000
class 2:  1.0000 0.0000
class 3:  0.0942 0.9058

$SearchEngineRecodeIN45
           Pr(1)  Pr(2)
class 1:  0.0333 0.9667
class 2:  0.0882 0.9118
class 3:  0.0102 0.9898

$YouTubeRecodeIN19
           Pr(1)  Pr(2)
class 1:  0.2450 0.7550
class 2:  0.7166 0.2834
class 3:  0.0724 0.9276

$NetflixRecodeT1
           Pr(1)  Pr(2)
class 1:  0.3908 0.6092
class 2:  0.6286 0.3714
class 3:  0.1795 0.8205

$GamingRecodeG1
           Pr(1)  Pr(2)
class 1:  0.5845 0.4155
class 2:  0.8078 0.1922
class 3:  0.5284 0.4716

$TotalSocialMediaCats
           Pr(1)  Pr(2)  Pr(3)  Pr(4)
class 1:  0.0028 0.3506 0.3582 0.2883
class 2:  1.0000 0.0000 0.0000 0.0000
class 3:  0.0944 0.1619 0.3360 0.4077

$SmartPhoneRecodeSUMA4A
           Pr(1)  Pr(2)
class 1:  0.0945 0.9055
class 2:  0.4113 0.5887
class 3:  0.0311 0.9689

$NewAppsSitesRecodeIn12
           Pr(1)  Pr(2)  Pr(3)  Pr(4)
class 1:  0.0362 0.4699 0.3263 0.1676
class 2:  0.0658 0.5901 0.2713 0.0728
class 3:  0.0080 0.2031 0.5173 0.2715

Estimated class population shares 
 0.4217 0.1845 0.3938 
 
Predicted class memberships (by modal posterior prob.) 
 0.4213 0.1835 0.3951 
 
========================================================= 
Fit for 3 latent classes: 
========================================================= 
number of observations: 1602 
number of estimated parameters: 92 
residual degrees of freedom: 1510 
maximum log-likelihood: -20084.51 
 
AIC(3): 40353.02
BIC(3): 40847.89
G^2(3): 16908.58 (Likelihood ratio/deviance statistic) 
X^2(3): 34128696 (Chi-square goodness of fit) 
 
Running model for  4 classes
Model 1: llik = -19754.49 ... best llik = -19754.49
Model 2: llik = -19746.25 ... best llik = -19746.25
Model 3: llik = -19861.92 ... best llik = -19746.25
Model 4: llik = -19754.49 ... best llik = -19746.25
Model 5: llik = -19754.49 ... best llik = -19746.25
Model 6: llik = -19746.33 ... best llik = -19746.25
Model 7: llik = -19746.25 ... best llik = -19746.25
Model 8: llik = -19983.98 ... best llik = -19746.25
Model 9: llik = -19861.89 ... best llik = -19746.25
Model 10: llik = -19746.25 ... best llik = -19746.25
Model 11: llik = -19754.49 ... best llik = -19746.25
Model 12: llik = -19746.25 ... best llik = -19746.25
Model 13: llik = -19746.25 ... best llik = -19746.25
Model 14: llik = -19754.49 ... best llik = -19746.25
Model 15: llik = -19861.89 ... best llik = -19746.25
Model 16: llik = -19861.92 ... best llik = -19746.25
Model 17: llik = -19861.89 ... best llik = -19746.25
Model 18: llik = -19861.92 ... best llik = -19746.25
Model 19: llik = -19754.49 ... best llik = -19746.25
Model 20: llik = -19754.49 ... best llik = -19746.25
Conditional item response (column) probabilities,
 by outcome variable, for each class (row) 
 
$PoliticsIN13
           Pr(1)  Pr(2)  Pr(3)
class 1:  0.8029 0.1541 0.0430
class 2:  0.9405 0.0471 0.0125
class 3:  0.5778 0.3771 0.0451
class 4:  0.3275 0.5676 0.1049

$GovernmentProcessIN13
           Pr(1)  Pr(2)  Pr(3)
class 1:  0.7152 0.2245 0.0604
class 2:  0.8083 0.1745 0.0172
class 3:  0.1457 0.7381 0.1162
class 4:  0.1110 0.7542 0.1348

$CouncilTaxIN13
           Pr(1)  Pr(2)  Pr(3)
class 1:  0.8031 0.1489 0.0481
class 2:  0.9257 0.0586 0.0157
class 3:  0.3795 0.5234 0.0971
class 4:  0.2370 0.5718 0.1912

$PublicServicesIN13
           Pr(1)  Pr(2)  Pr(3)
class 1:  0.7383 0.2061 0.0555
class 2:  0.8340 0.1574 0.0086
class 3:  0.1491 0.6359 0.2150
class 4:  0.1360 0.6522 0.2118

$ApplyForJobIN13
           Pr(1)  Pr(2)  Pr(3)
class 1:  0.7023 0.2050 0.0927
class 2:  0.9331 0.0493 0.0176
class 3:  0.6248 0.2881 0.0871
class 4:  0.2975 0.5189 0.1836

$LeisureIN13
           Pr(1)  Pr(2)  Pr(3)
class 1:  0.4869 0.3107 0.2024
class 2:  0.6687 0.2284 0.1028
class 3:  0.2737 0.4060 0.3202
class 4:  0.0506 0.4173 0.5321

$ProductsIN13
           Pr(1)  Pr(2)  Pr(3)
class 1:  0.6360 0.2610 0.1030
class 2:  0.7271 0.2223 0.0506
class 3:  0.1986 0.4939 0.3075
class 4:  0.0586 0.4782 0.4633

$CulturalActivitiesIN13
           Pr(1)  Pr(2)  Pr(3)
class 1:  0.8065 0.1378 0.0557
class 2:  0.8040 0.1386 0.0574
class 3:  0.3446 0.4152 0.2401
class 4:  0.2093 0.5196 0.2712

$PayBillsIN13
           Pr(1)  Pr(2)  Pr(3)
class 1:  0.7023 0.1418 0.1559
class 2:  0.8853 0.0543 0.0603
class 3:  0.2844 0.3660 0.3496
class 4:  0.1799 0.3754 0.4447

$SocialMediaRecodeIn21
          Pr(1) Pr(2)
class 1:      0     1
class 2:      1     0
class 3:      1     0
class 4:      0     1

$SearchEngineRecodeIN45
           Pr(1)  Pr(2)
class 1:  0.0339 0.9661
class 2:  0.1111 0.8889
class 3:  0.0224 0.9776
class 4:  0.0096 0.9904

$YouTubeRecodeIN19
           Pr(1)  Pr(2)
class 1:  0.2510 0.7490
class 2:  0.7841 0.2159
class 3:  0.4037 0.5963
class 4:  0.0552 0.9448

$NetflixRecodeT1
           Pr(1)  Pr(2)
class 1:  0.3952 0.6048
class 2:  0.6687 0.3313
class 3:  0.4022 0.5978
class 4:  0.1741 0.8259

$GamingRecodeG1
           Pr(1)  Pr(2)
class 1:  0.5884 0.4116
class 2:  0.8423 0.1577
class 3:  0.6924 0.3076
class 4:  0.5122 0.4878

$TotalSocialMediaCats
          Pr(1)  Pr(2)  Pr(3)  Pr(4)
class 1:  0.003 0.3544 0.3581 0.2845
class 2:  1.000 0.0000 0.0000 0.0000
class 3:  1.000 0.0000 0.0000 0.0000
class 4:  0.000 0.1791 0.3708 0.4501

$SmartPhoneRecodeSUMA4A
           Pr(1)  Pr(2)
class 1:  0.0971 0.9029
class 2:  0.4873 0.5127
class 3:  0.1666 0.8334
class 4:  0.0221 0.9779

$NewAppsSitesRecodeIn12
           Pr(1)  Pr(2)  Pr(3)  Pr(4)
class 1:  0.0369 0.4732 0.3247 0.1652
class 2:  0.0818 0.6708 0.1960 0.0514
class 3:  0.0173 0.2992 0.5269 0.1566
class 4:  0.0079 0.2074 0.5054 0.2793

Estimated class population shares 
 0.4118 0.134 0.0876 0.3666 
 
Predicted class memberships (by modal posterior prob.) 
 0.4107 0.1348 0.0868 0.3677 
 
========================================================= 
Fit for 4 latent classes: 
========================================================= 
number of observations: 1602 
number of estimated parameters: 123 
residual degrees of freedom: 1479 
maximum log-likelihood: -19746.25 
 
AIC(4): 39738.51
BIC(4): 40400.12
G^2(4): 16232.06 (Likelihood ratio/deviance statistic) 
X^2(4): 13929402 (Chi-square goodness of fit) 
 
Running model for  5 classes
Model 1: llik = -19537.02 ... best llik = -19537.02
Model 2: llik = -19537.09 ... best llik = -19537.02
Model 3: llik = -19537.02 ... best llik = -19537.02
Model 4: llik = -19537.02 ... best llik = -19537.02
Model 5: llik = -19536.94 ... best llik = -19536.94
Model 6: llik = -19536.94 ... best llik = -19536.94
Model 7: llik = -19537.02 ... best llik = -19536.94
Model 8: llik = -19536.94 ... best llik = -19536.94
Model 9: llik = -19537.02 ... best llik = -19536.94
Model 10: llik = -19537.16 ... best llik = -19536.94
Model 11: llik = -19537.02 ... best llik = -19536.94
Model 12: llik = -19537.09 ... best llik = -19536.94
Model 13: llik = -19537.02 ... best llik = -19536.94
Model 14: llik = -19537.02 ... best llik = -19536.94
Model 15: llik = -19537.02 ... best llik = -19536.94
Model 16: llik = -19659.28 ... best llik = -19536.94
Model 17: llik = -19536.94 ... best llik = -19536.94
Model 18: llik = -19536.94 ... best llik = -19536.94
Model 19: llik = -19537.16 ... best llik = -19536.94
Model 20: llik = -19537.02 ... best llik = -19536.94
Conditional item response (column) probabilities,
 by outcome variable, for each class (row) 
 
$PoliticsIN13
           Pr(1)  Pr(2)  Pr(3)
class 1:  0.5780 0.3769 0.0451
class 2:  0.9405 0.0470 0.0124
class 3:  0.7062 0.2376 0.0562
class 4:  0.2160 0.6624 0.1216
class 5:  0.9003 0.0747 0.0250

$GovernmentProcessIN13
           Pr(1)  Pr(2)  Pr(3)
class 1:  0.1459 0.7380 0.1162
class 2:  0.8084 0.1744 0.0172
class 3:  0.5181 0.4129 0.0690
class 4:  0.0433 0.8010 0.1558
class 5:  0.8927 0.0523 0.0550

$CouncilTaxIN13
           Pr(1)  Pr(2)  Pr(3)
class 1:  0.3796 0.5232 0.0971
class 2:  0.9258 0.0585 0.0157
class 3:  0.6462 0.2707 0.0831
class 4:  0.1634 0.6206 0.2160
class 5:  0.9187 0.0618 0.0195

$PublicServicesIN13
           Pr(1)  Pr(2)  Pr(3)
class 1:  0.1492 0.6358 0.2150
class 2:  0.8342 0.1573 0.0085
class 3:  0.5618 0.3546 0.0836
class 4:  0.0604 0.6960 0.2436
class 5:  0.8804 0.0786 0.0411

$ApplyForJobIN13
           Pr(1)  Pr(2)  Pr(3)
class 1:  0.6248 0.2881 0.0871
class 2:  0.9332 0.0493 0.0176
class 3:  0.5725 0.2907 0.1368
class 4:  0.2377 0.5680 0.1943
class 5:  0.8407 0.1298 0.0295

$LeisureIN13
           Pr(1)  Pr(2)  Pr(3)
class 1:  0.2739 0.4060 0.3201
class 2:  0.6688 0.2284 0.1029
class 3:  0.2472 0.4177 0.3351
class 4:  0.0264 0.4067 0.5669
class 5:  0.8125 0.1404 0.0471

$ProductsIN13
           Pr(1)  Pr(2)  Pr(3)
class 1:  0.1988 0.4937 0.3074
class 2:  0.7272 0.2223 0.0505
class 3:  0.4044 0.3765 0.2192
class 4:  0.0151 0.4922 0.4927
class 5:  0.8754 0.1051 0.0194

$CulturalActivitiesIN13
           Pr(1)  Pr(2)  Pr(3)
class 1:  0.3448 0.4151 0.2401
class 2:  0.8041 0.1386 0.0573
class 3:  0.6649 0.2317 0.1034
class 4:  0.1009 0.5979 0.3012
class 5:  0.9231 0.0389 0.0380

$PayBillsIN13
           Pr(1)  Pr(2)  Pr(3)
class 1:  0.2846 0.3659 0.3495
class 2:  0.8854 0.0543 0.0603
class 3:  0.5708 0.2034 0.2258
class 4:  0.0952 0.4119 0.4929
class 5:  0.8056 0.0911 0.1033

$SocialMediaRecodeIn21
          Pr(1) Pr(2)
class 1:      1     0
class 2:      1     0
class 3:      0     1
class 4:      0     1
class 5:      0     1

$SearchEngineRecodeIN45
           Pr(1)  Pr(2)
class 1:  0.0225 0.9775
class 2:  0.1111 0.8889
class 3:  0.0133 0.9867
class 4:  0.0103 0.9897
class 5:  0.0663 0.9337

$YouTubeRecodeIN19
           Pr(1)  Pr(2)
class 1:  0.4039 0.5961
class 2:  0.7842 0.2158
class 3:  0.1289 0.8711
class 4:  0.0480 0.9520
class 5:  0.4266 0.5734

$NetflixRecodeT1
           Pr(1)  Pr(2)
class 1:  0.4023 0.5977
class 2:  0.6687 0.3313
class 3:  0.2666 0.7334
class 4:  0.1547 0.8453
class 5:  0.5902 0.4098

$GamingRecodeG1
           Pr(1)  Pr(2)
class 1:  0.6924 0.3076
class 2:  0.8424 0.1576
class 3:  0.5483 0.4517
class 4:  0.5006 0.4994
class 5:  0.6539 0.3461

$TotalSocialMediaCats
           Pr(1)  Pr(2)  Pr(3)  Pr(4)
class 1:  1.0000 0.0000 0.0000 0.0000
class 2:  1.0000 0.0000 0.0000 0.0000
class 3:  0.0011 0.2768 0.3625 0.3596
class 4:  0.0000 0.1479 0.3718 0.4803
class 5:  0.0056 0.4766 0.3545 0.1634

$SmartPhoneRecodeSUMA4A
           Pr(1)  Pr(2)
class 1:  0.1667 0.8333
class 2:  0.4873 0.5127
class 3:  0.0514 0.9486
class 4:  0.0157 0.9843
class 5:  0.1680 0.8320

$NewAppsSitesRecodeIn12
           Pr(1)  Pr(2)  Pr(3)  Pr(4)
class 1:  0.0174 0.2992 0.5268 0.1566
class 2:  0.0818 0.6709 0.1960 0.0513
class 3:  0.0124 0.3354 0.4494 0.2029
class 4:  0.0094 0.1876 0.4969 0.3061
class 5:  0.0744 0.6601 0.1595 0.1060

Estimated class population shares 
 0.0876 0.134 0.3682 0.261 0.1491 
 
Predicted class memberships (by modal posterior prob.) 
 0.0868 0.1348 0.3702 0.2603 0.1479 
 
========================================================= 
Fit for 5 latent classes: 
========================================================= 
number of observations: 1602 
number of estimated parameters: 154 
residual degrees of freedom: 1448 
maximum log-likelihood: -19536.94 
 
AIC(5): 39381.88
BIC(5): 40210.24
G^2(5): 15813.43 (Likelihood ratio/deviance statistic) 
X^2(5): 17072042 (Chi-square goodness of fit) 
 
Running model for  6 classes
Model 1: llik = -19455.37 ... best llik = -19455.37
Model 2: llik = -19440.64 ... best llik = -19440.64
Model 3: llik = -19382.6 ... best llik = -19382.6
Model 4: llik = -19382.32 ... best llik = -19382.32
Model 5: llik = -19382.4 ... best llik = -19382.32
Model 6: llik = -19382.4 ... best llik = -19382.32
Model 7: llik = -19382.47 ... best llik = -19382.32
Model 8: llik = -19382.4 ... best llik = -19382.32
Model 9: llik = -19382.4 ... best llik = -19382.32
Model 10: llik = -19382.4 ... best llik = -19382.32
Model 11: llik = -19440.72 ... best llik = -19382.32
Model 12: llik = -19382.55 ... best llik = -19382.32
Model 13: llik = -19471.63 ... best llik = -19382.32
Model 14: llik = -19382.32 ... best llik = -19382.32
Model 15: llik = -19382.32 ... best llik = -19382.32
Model 16: llik = -19382.66 ... best llik = -19382.32
Model 17: llik = -19382.48 ... best llik = -19382.32
Model 18: llik = -19382.32 ... best llik = -19382.32
Model 19: llik = -19440.72 ... best llik = -19382.32
Model 20: llik = -19382.4 ... best llik = -19382.32
Conditional item response (column) probabilities,
 by outcome variable, for each class (row) 
 
$PoliticsIN13
           Pr(1)  Pr(2)  Pr(3)
class 1:  0.5780 0.3769 0.0451
class 2:  0.7840 0.1585 0.0575
class 3:  0.9106 0.0741 0.0152
class 4:  0.9405 0.0470 0.0124
class 5:  0.6076 0.3352 0.0572
class 6:  0.2083 0.6672 0.1245

$GovernmentProcessIN13
           Pr(1)  Pr(2)  Pr(3)
class 1:  0.1459 0.7380 0.1162
class 2:  0.7034 0.2309 0.0657
class 3:  0.9175 0.0381 0.0445
class 4:  0.8084 0.1744 0.0172
class 5:  0.2731 0.6379 0.0891
class 6:  0.0661 0.7817 0.1522

$CouncilTaxIN13
           Pr(1)  Pr(2)  Pr(3)
class 1:  0.3796 0.5232 0.0971
class 2:  0.8324 0.1267 0.0409
class 3:  0.9091 0.0664 0.0245
class 4:  0.9258 0.0585 0.0157
class 5:  0.4109 0.4667 0.1224
class 6:  0.1804 0.5968 0.2228

$PublicServicesIN13
           Pr(1)  Pr(2)  Pr(3)
class 1:  0.1492 0.6358 0.2150
class 2:  0.8226 0.1490 0.0284
class 3:  0.8563 0.0966 0.0470
class 4:  0.8342 0.1573 0.0085
class 5:  0.2547 0.5953 0.1500
class 6:  0.0750 0.6792 0.2458

$ApplyForJobIN13
           Pr(1)  Pr(2)  Pr(3)
class 1:  0.6248 0.2881 0.0871
class 2:  0.5753 0.2776 0.1471
class 3:  0.8635 0.1131 0.0233
class 4:  0.9332 0.0493 0.0176
class 5:  0.6129 0.2957 0.0914
class 6:  0.2067 0.5811 0.2122

$LeisureIN13
           Pr(1)  Pr(2)  Pr(3)
class 1:  0.2739 0.4060 0.3201
class 2:  0.3393 0.3179 0.3428
class 3:  0.7905 0.1631 0.0464
class 4:  0.6688 0.2284 0.1029
class 5:  0.2252 0.5200 0.2549
class 6:  0.0281 0.3729 0.5990

$ProductsIN13
           Pr(1)  Pr(2)  Pr(3)
class 1:  0.1988 0.4937 0.3074
class 2:  0.5646 0.2806 0.1548
class 3:  0.8469 0.1287 0.0244
class 4:  0.7272 0.2223 0.0505
class 5:  0.2748 0.4616 0.2636
class 6:  0.0161 0.4765 0.5075

$CulturalActivitiesIN13
           Pr(1)  Pr(2)  Pr(3)
class 1:  0.3448 0.4151 0.2401
class 2:  0.7689 0.1637 0.0673
class 3:  0.8924 0.0552 0.0524
class 4:  0.8041 0.1386 0.0573
class 5:  0.5494 0.3190 0.1316
class 6:  0.1052 0.5846 0.3103

$PayBillsIN13
           Pr(1)  Pr(2)  Pr(3)
class 1:  0.2846 0.3659 0.3495
class 2:  0.7303 0.1202 0.1495
class 3:  0.8016 0.0868 0.1117
class 4:  0.8854 0.0543 0.0603
class 5:  0.3770 0.3351 0.2879
class 6:  0.0980 0.3888 0.5132

$SocialMediaRecodeIn21
          Pr(1) Pr(2)
class 1:      1     0
class 2:      0     1
class 3:      0     1
class 4:      1     0
class 5:      0     1
class 6:      0     1

$SearchEngineRecodeIN45
           Pr(1)  Pr(2)
class 1:  0.0225 0.9775
class 2:  0.0043 0.9957
class 3:  0.0862 0.9138
class 4:  0.1111 0.8889
class 5:  0.0204 0.9796
class 6:  0.0105 0.9895

$YouTubeRecodeIN19
           Pr(1)  Pr(2)
class 1:  0.4039 0.5961
class 2:  0.0235 0.9765
class 3:  0.5693 0.4307
class 4:  0.7842 0.2158
class 5:  0.2410 0.7590
class 6:  0.0253 0.9747

$NetflixRecodeT1
           Pr(1)  Pr(2)
class 1:  0.4023 0.5977
class 2:  0.2534 0.7466
class 3:  0.6240 0.3760
class 4:  0.6687 0.3313
class 5:  0.3489 0.6511
class 6:  0.1227 0.8773

$GamingRecodeG1
           Pr(1)  Pr(2)
class 1:  0.6924 0.3076
class 2:  0.4366 0.5634
class 3:  0.7461 0.2539
class 4:  0.8424 0.1576
class 5:  0.6767 0.3233
class 6:  0.4724 0.5276

$TotalSocialMediaCats
           Pr(1)  Pr(2)  Pr(3)  Pr(4)
class 1:  1.0000 0.0000 0.0000 0.0000
class 2:  0.0000 0.1260 0.3375 0.5366
class 3:  0.0064 0.6034 0.3557 0.0345
class 4:  1.0000 0.0000 0.0000 0.0000
class 5:  0.0026 0.4610 0.4165 0.1198
class 6:  0.0000 0.1038 0.3525 0.5437

$SmartPhoneRecodeSUMA4A
           Pr(1)  Pr(2)
class 1:  0.1667 0.8333
class 2:  0.0153 0.9847
class 3:  0.2124 0.7876
class 4:  0.4873 0.5127
class 5:  0.1046 0.8954
class 6:  0.0000 1.0000

$NewAppsSitesRecodeIn12
           Pr(1)  Pr(2)  Pr(3)  Pr(4)
class 1:  0.0174 0.2992 0.5268 0.1566
class 2:  0.0308 0.3019 0.3933 0.2741
class 3:  0.0587 0.7199 0.1568 0.0647
class 4:  0.0818 0.6709 0.1960 0.0513
class 5:  0.0122 0.4100 0.4762 0.1015
class 6:  0.0079 0.1658 0.4948 0.3316

Estimated class population shares 
 0.0876 0.2277 0.1171 0.134 0.1884 0.2452 
 
Predicted class memberships (by modal posterior prob.) 
 0.0868 0.2322 0.1174 0.1348 0.1792 0.2497 
 
========================================================= 
Fit for 6 latent classes: 
========================================================= 
number of observations: 1602 
number of estimated parameters: 185 
residual degrees of freedom: 1417 
maximum log-likelihood: -19382.32 
 
AIC(6): 39134.64
BIC(6): 40129.76
G^2(6): 15504.2 (Likelihood ratio/deviance statistic) 
X^2(6): 15057791 (Chi-square goodness of fit) 
 
Running model for  7 classes
Model 1: llik = -19288.04 ... best llik = -19288.04
Model 2: llik = -19288.38 ... best llik = -19288.04
Model 3: llik = -19288.46 ... best llik = -19288.04
Model 4: llik = -19288.38 ... best llik = -19288.04
Model 5: llik = -19338.25 ... best llik = -19288.04
Model 6: llik = -19287.96 ... best llik = -19287.96
Model 7: llik = -19288.46 ... best llik = -19287.96
Model 8: llik = -19316.87 ... best llik = -19287.96
Model 9: llik = -19316.93 ... best llik = -19287.96
Model 10: llik = -19288.38 ... best llik = -19287.96
Model 11: llik = -19316.87 ... best llik = -19287.96
Model 12: llik = -19288.38 ... best llik = -19287.96
Model 13: llik = -19288.46 ... best llik = -19287.96
Model 14: llik = -19529.63 ... best llik = -19287.96
Model 15: llik = -19288.46 ... best llik = -19287.96
Model 16: llik = -19288.38 ... best llik = -19287.96
Model 17: llik = -19288.04 ... best llik = -19287.96
Model 18: llik = -19288.04 ... best llik = -19287.96
Model 19: llik = -19316.87 ... best llik = -19287.96
Model 20: llik = -19316.76 ... best llik = -19287.96
Conditional item response (column) probabilities,
 by outcome variable, for each class (row) 
 
$PoliticsIN13
           Pr(1)  Pr(2)  Pr(3)
class 1:  0.9405 0.0470 0.0124
class 2:  0.6996 0.0000 0.3004
class 3:  0.5971 0.3553 0.0475
class 4:  0.5780 0.3769 0.0451
class 5:  0.9095 0.0740 0.0165
class 6:  0.1805 0.7096 0.1099
class 7:  0.7978 0.1519 0.0503

$GovernmentProcessIN13
           Pr(1)  Pr(2)  Pr(3)
class 1:  0.8084 0.1744 0.0172
class 2:  0.1613 0.2257 0.6130
class 3:  0.2898 0.6481 0.0621
class 4:  0.1459 0.7380 0.1162
class 5:  0.9164 0.0387 0.0449
class 6:  0.0654 0.8177 0.1169
class 7:  0.7325 0.2132 0.0543

$CouncilTaxIN13
           Pr(1)  Pr(2)  Pr(3)
class 1:  0.9258 0.0585 0.0157
class 2:  0.2502 0.1825 0.5673
class 3:  0.4283 0.4798 0.0919
class 4:  0.3796 0.5232 0.0971
class 5:  0.9048 0.0674 0.0278
class 6:  0.1790 0.6147 0.2063
class 7:  0.8648 0.1150 0.0202

$PublicServicesIN13
           Pr(1)  Pr(2)  Pr(3)
class 1:  0.8342 0.1573 0.0085
class 2:  0.2181 0.1237 0.6581
class 3:  0.2719 0.6208 0.1072
class 4:  0.1492 0.6358 0.2150
class 5:  0.8442 0.1039 0.0519
class 6:  0.0752 0.7078 0.2170
class 7:  0.8556 0.1256 0.0188

$ApplyForJobIN13
           Pr(1)  Pr(2)  Pr(3)
class 1:  0.9332 0.0493 0.0176
class 2:  0.3706 0.1692 0.4602
class 3:  0.5929 0.3178 0.0893
class 4:  0.6248 0.2881 0.0871
class 5:  0.8635 0.1152 0.0213
class 6:  0.2050 0.6057 0.1893
class 7:  0.6017 0.2655 0.1328

$LeisureIN13
           Pr(1)  Pr(2)  Pr(3)
class 1:  0.6688 0.2284 0.1029
class 2:  0.1965 0.0012 0.8024
class 3:  0.2114 0.5616 0.2270
class 4:  0.2739 0.4060 0.3201
class 5:  0.7871 0.1645 0.0484
class 6:  0.0266 0.3866 0.5868
class 7:  0.3642 0.3072 0.3287

$ProductsIN13
           Pr(1)  Pr(2)  Pr(3)
class 1:  0.7272 0.2223 0.0505
class 2:  0.2487 0.0691 0.6822
class 3:  0.2701 0.4864 0.2435
class 4:  0.1988 0.4937 0.3074
class 5:  0.8384 0.1380 0.0236
class 6:  0.0154 0.4952 0.4894
class 7:  0.5896 0.2718 0.1386

$CulturalActivitiesIN13
           Pr(1)  Pr(2)  Pr(3)
class 1:  0.8041 0.1386 0.0573
class 2:  0.4227 0.0945 0.4828
class 3:  0.5526 0.3331 0.1143
class 4:  0.3448 0.4151 0.2401
class 5:  0.8916 0.0516 0.0568
class 6:  0.0970 0.6102 0.2928
class 7:  0.7811 0.1624 0.0564

$PayBillsIN13
           Pr(1)  Pr(2)  Pr(3)
class 1:  0.8854 0.0543 0.0603
class 2:  0.3768 0.0000 0.6232
class 3:  0.3783 0.3544 0.2673
class 4:  0.2846 0.3659 0.3495
class 5:  0.7959 0.0895 0.1145
class 6:  0.0865 0.4102 0.5033
class 7:  0.7556 0.1112 0.1332

$SocialMediaRecodeIn21
          Pr(1) Pr(2)
class 1:      1     0
class 2:      0     1
class 3:      0     1
class 4:      1     0
class 5:      0     1
class 6:      0     1
class 7:      0     1

$SearchEngineRecodeIN45
           Pr(1)  Pr(2)
class 1:  0.1111 0.8889
class 2:  0.0000 1.0000
class 3:  0.0255 0.9745
class 4:  0.0225 0.9775
class 5:  0.0899 0.9101
class 6:  0.0108 0.9892
class 7:  0.0000 1.0000

$YouTubeRecodeIN19
           Pr(1)  Pr(2)
class 1:  0.7842 0.2158
class 2:  0.0693 0.9307
class 3:  0.2250 0.7750
class 4:  0.4039 0.5961
class 5:  0.5948 0.4052
class 6:  0.0263 0.9737
class 7:  0.0244 0.9756

$NetflixRecodeT1
           Pr(1)  Pr(2)
class 1:  0.6687 0.3313
class 2:  0.1246 0.8754
class 3:  0.3450 0.6550
class 4:  0.4023 0.5977
class 5:  0.6266 0.3734
class 6:  0.1243 0.8757
class 7:  0.2686 0.7314

$GamingRecodeG1
           Pr(1)  Pr(2)
class 1:  0.8424 0.1576
class 2:  0.6508 0.3492
class 3:  0.6465 0.3535
class 4:  0.6924 0.3076
class 5:  0.7599 0.2401
class 6:  0.4636 0.5364
class 7:  0.4394 0.5606

$TotalSocialMediaCats
           Pr(1)  Pr(2)  Pr(3)  Pr(4)
class 1:  1.0000 0.0000 0.0000 0.0000
class 2:  0.0000 0.3525 0.4346 0.2129
class 3:  0.0026 0.4242 0.4049 0.1682
class 4:  1.0000 0.0000 0.0000 0.0000
class 5:  0.0066 0.6283 0.3464 0.0187
class 6:  0.0000 0.0995 0.3442 0.5563
class 7:  0.0000 0.1194 0.3474 0.5331

$SmartPhoneRecodeSUMA4A
           Pr(1)  Pr(2)
class 1:  0.4873 0.5127
class 2:  0.0000 1.0000
class 3:  0.1012 0.8988
class 4:  0.1667 0.8333
class 5:  0.2242 0.7758
class 6:  0.0000 1.0000
class 7:  0.0157 0.9843

$NewAppsSitesRecodeIn12
           Pr(1)  Pr(2)  Pr(3)  Pr(4)
class 1:  0.0818 0.6709 0.1960 0.0513
class 2:  0.0000 0.3246 0.5029 0.1725
class 3:  0.0128 0.3981 0.4726 0.1165
class 4:  0.0174 0.2992 0.5268 0.1566
class 5:  0.0524 0.7319 0.1541 0.0615
class 6:  0.0084 0.1584 0.4908 0.3425
class 7:  0.0367 0.3074 0.3872 0.2688

Estimated class population shares 
 0.134 0.0309 0.1931 0.0876 0.1123 0.2285 0.2135 
 
Predicted class memberships (by modal posterior prob.) 
 0.1348 0.0312 0.1816 0.0868 0.1136 0.2297 0.2222 
 
========================================================= 
Fit for 7 latent classes: 
========================================================= 
number of observations: 1602 
number of estimated parameters: 216 
residual degrees of freedom: 1386 
maximum log-likelihood: -19287.96 
 
AIC(7): 39007.93
BIC(7): 40169.8
G^2(7): 15315.49 (Likelihood ratio/deviance statistic) 
X^2(7): 17446177 (Chi-square goodness of fit) 
 
Running model for  8 classes
Model 1: llik = -19206.28 ... best llik = -19206.28
Model 2: llik = -19285.6 ... best llik = -19206.28
Model 3: llik = -19206.44 ... best llik = -19206.28
Model 4: llik = -19206.28 ... best llik = -19206.28
Model 5: llik = -19222.66 ... best llik = -19206.28
Model 6: llik = -19223.05 ... best llik = -19206.28
Model 7: llik = -19230.81 ... best llik = -19206.28
Model 8: llik = -19206.28 ... best llik = -19206.28
Model 9: llik = -19222.93 ... best llik = -19206.28
Model 10: llik = -19223.05 ... best llik = -19206.28
Model 11: llik = -19222.66 ... best llik = -19206.28
Model 12: llik = -19222.26 ... best llik = -19206.28
Model 13: llik = -19206.36 ... best llik = -19206.28
Model 14: llik = -19223.45 ... best llik = -19206.28
Model 15: llik = -19206.28 ... best llik = -19206.28
Model 16: llik = -19206.36 ... best llik = -19206.28
Model 17: llik = -19235.12 ... best llik = -19206.28
Model 18: llik = -19206.44 ... best llik = -19206.28
Model 19: llik = -19221.83 ... best llik = -19206.28
Model 20: llik = -19223.05 ... best llik = -19206.28
Conditional item response (column) probabilities,
 by outcome variable, for each class (row) 
 
$PoliticsIN13
           Pr(1)  Pr(2)  Pr(3)
class 1:  0.1236 0.7534 0.1229
class 2:  0.5780 0.3769 0.0451
class 3:  0.9313 0.0501 0.0186
class 4:  0.8265 0.1294 0.0441
class 5:  0.9405 0.0470 0.0124
class 6:  0.5068 0.4097 0.0834
class 7:  0.6888 0.0000 0.3112
class 8:  0.6822 0.2888 0.0290

$GovernmentProcessIN13
           Pr(1)  Pr(2)  Pr(3)
class 1:  0.0250 0.8425 0.1325
class 2:  0.1459 0.7380 0.1162
class 3:  0.9358 0.0288 0.0354
class 4:  0.7846 0.1515 0.0638
class 5:  0.8084 0.1744 0.0172
class 6:  0.3056 0.5971 0.0973
class 7:  0.0976 0.1622 0.7402
class 8:  0.3835 0.5968 0.0197

$CouncilTaxIN13
           Pr(1)  Pr(2)  Pr(3)
class 1:  0.1282 0.6496 0.2222
class 2:  0.3796 0.5232 0.0971
class 3:  0.9125 0.0598 0.0277
class 4:  0.9001 0.0870 0.0130
class 5:  0.9258 0.0585 0.0157
class 6:  0.4514 0.4408 0.1078
class 7:  0.2241 0.1676 0.6083
class 8:  0.5264 0.3968 0.0767

$PublicServicesIN13
           Pr(1)  Pr(2)  Pr(3)
class 1:  0.0393 0.7216 0.2391
class 2:  0.1492 0.6358 0.2150
class 3:  0.8336 0.1117 0.0546
class 4:  0.9314 0.0555 0.0131
class 5:  0.8342 0.1573 0.0085
class 6:  0.2260 0.6310 0.1431
class 7:  0.1481 0.1299 0.7220
class 8:  0.4281 0.5083 0.0636

$ApplyForJobIN13
           Pr(1)  Pr(2)  Pr(3)
class 1:  0.1914 0.6205 0.1881
class 2:  0.6248 0.2881 0.0871
class 3:  0.8607 0.1174 0.0219
class 4:  0.6689 0.2124 0.1186
class 5:  0.9332 0.0493 0.0176
class 6:  0.6271 0.2745 0.0984
class 7:  0.3495 0.1089 0.5417
class 8:  0.4730 0.4084 0.1186

$LeisureIN13
           Pr(1)  Pr(2)  Pr(3)
class 1:  0.0266 0.4100 0.5634
class 2:  0.2739 0.4060 0.3201
class 3:  0.7663 0.1724 0.0613
class 4:  0.4588 0.2731 0.2680
class 5:  0.6688 0.2284 0.1029
class 6:  0.4042 0.5958 0.0000
class 7:  0.1838 0.0000 0.8162
class 8:  0.0561 0.4026 0.5413

$ProductsIN13
           Pr(1)  Pr(2)  Pr(3)
class 1:  0.0142 0.4961 0.4897
class 2:  0.1988 0.4937 0.3074
class 3:  0.8205 0.1555 0.0240
class 4:  0.7029 0.2177 0.0795
class 5:  0.7272 0.2223 0.0505
class 6:  0.4514 0.4361 0.1125
class 7:  0.2372 0.0598 0.7030
class 8:  0.1269 0.4749 0.3983

$CulturalActivitiesIN13
           Pr(1)  Pr(2)  Pr(3)
class 1:  0.0715 0.6399 0.2885
class 2:  0.3448 0.4151 0.2401
class 3:  0.8708 0.0562 0.0730
class 4:  0.8452 0.1193 0.0355
class 5:  0.8041 0.1386 0.0573
class 6:  0.7357 0.2486 0.0157
class 7:  0.4292 0.1133 0.4575
class 8:  0.4048 0.3717 0.2235

$PayBillsIN13
           Pr(1)  Pr(2)  Pr(3)
class 1:  0.0507 0.4330 0.5163
class 2:  0.2846 0.3659 0.3495
class 3:  0.8251 0.0640 0.1109
class 4:  0.8002 0.0837 0.1161
class 5:  0.8854 0.0543 0.0603
class 6:  0.2769 0.4366 0.2865
class 7:  0.3807 0.0000 0.6193
class 8:  0.4924 0.2390 0.2686

$SocialMediaRecodeIn21
          Pr(1) Pr(2)
class 1:      0     1
class 2:      1     0
class 3:      0     1
class 4:      0     1
class 5:      1     0
class 6:      0     1
class 7:      0     1
class 8:      0     1

$SearchEngineRecodeIN45
           Pr(1)  Pr(2)
class 1:  0.0114 0.9886
class 2:  0.0225 0.9775
class 3:  0.1026 0.8974
class 4:  0.0000 1.0000
class 5:  0.1111 0.8889
class 6:  0.0307 0.9693
class 7:  0.0000 1.0000
class 8:  0.0110 0.9890

$YouTubeRecodeIN19
           Pr(1)  Pr(2)
class 1:  0.0367 0.9633
class 2:  0.4039 0.5961
class 3:  0.6566 0.3434
class 4:  0.0433 0.9567
class 5:  0.7842 0.2158
class 6:  0.2818 0.7182
class 7:  0.0662 0.9338
class 8:  0.0708 0.9292

$NetflixRecodeT1
           Pr(1)  Pr(2)
class 1:  0.1367 0.8633
class 2:  0.4023 0.5977
class 3:  0.6392 0.3608
class 4:  0.3099 0.6901
class 5:  0.6687 0.3313
class 6:  0.3862 0.6138
class 7:  0.1396 0.8604
class 8:  0.2149 0.7851

$GamingRecodeG1
           Pr(1)  Pr(2)
class 1:  0.4685 0.5315
class 2:  0.6924 0.3076
class 3:  0.7921 0.2079
class 4:  0.4529 0.5471
class 5:  0.8424 0.1576
class 6:  0.5551 0.4449
class 7:  0.6496 0.3504
class 8:  0.5993 0.4007

$TotalSocialMediaCats
           Pr(1)  Pr(2)  Pr(3)  Pr(4)
class 1:  0.0000 0.1077 0.3487 0.5436
class 2:  1.0000 0.0000 0.0000 0.0000
class 3:  0.0067 0.6846 0.3087 0.0000
class 4:  0.0000 0.1282 0.3707 0.5011
class 5:  1.0000 0.0000 0.0000 0.0000
class 6:  0.0054 0.4393 0.3619 0.1934
class 7:  0.0000 0.3420 0.4421 0.2160
class 8:  0.0000 0.2554 0.3958 0.3488

$SmartPhoneRecodeSUMA4A
           Pr(1)  Pr(2)
class 1:  0.0000 1.0000
class 2:  0.1667 0.8333
class 3:  0.2593 0.7407
class 4:  0.0122 0.9878
class 5:  0.4873 0.5127
class 6:  0.0898 0.9102
class 7:  0.0000 1.0000
class 8:  0.0632 0.9368

$NewAppsSitesRecodeIn12
           Pr(1)  Pr(2)  Pr(3)  Pr(4)
class 1:  0.0095 0.1741 0.4713 0.3451
class 2:  0.0174 0.2992 0.5268 0.1566
class 3:  0.0499 0.7314 0.1624 0.0562
class 4:  0.0460 0.3554 0.3450 0.2536
class 5:  0.0818 0.6709 0.1960 0.0513
class 6:  0.0302 0.5923 0.3063 0.0713
class 7:  0.0000 0.3246 0.5247 0.1507
class 8:  0.0000 0.1700 0.5939 0.2361

Estimated class population shares 
 0.1976 0.0876 0.0968 0.175 0.134 0.1112 0.0261 0.1717 
 
Predicted class memberships (by modal posterior prob.) 
 0.2029 0.0868 0.0949 0.1804 0.1348 0.1092 0.0256 0.1654 
 
========================================================= 
Fit for 8 latent classes: 
========================================================= 
number of observations: 1602 
number of estimated parameters: 247 
residual degrees of freedom: 1355 
maximum log-likelihood: -19206.28 
 
AIC(8): 38906.55
BIC(8): 40235.17
G^2(8): 15152.11 (Likelihood ratio/deviance statistic) 
X^2(8): 12130299 (Chi-square goodness of fit) 
 
Running model for  9 classes
Model 1: llik = -19138.21 ... best llik = -19138.21
Model 2: llik = -19137.94 ... best llik = -19137.94
Model 3: llik = -19137.94 ... best llik = -19137.94
Model 4: llik = -19138.13 ... best llik = -19137.94
Model 5: llik = -19171.81 ... best llik = -19137.94
Model 6: llik = -19141.64 ... best llik = -19137.94
Model 7: llik = -19141.35 ... best llik = -19137.94
Model 8: llik = -19139.63 ... best llik = -19137.94
Model 9: llik = -19157.29 ... best llik = -19137.94
Model 10: llik = -19141.43 ... best llik = -19137.94
Model 11: llik = -19200.02 ... best llik = -19137.94
Model 12: llik = -19138.21 ... best llik = -19137.94
Model 13: llik = -19141.35 ... best llik = -19137.94
Model 14: llik = -19144.01 ... best llik = -19137.94
Model 15: llik = -19138 ... best llik = -19137.94
Model 16: llik = -19165.73 ... best llik = -19137.94
Model 17: llik = -19137.94 ... best llik = -19137.94
Model 18: llik = -19192.36 ... best llik = -19137.94
Model 19: llik = -19209.8 ... best llik = -19137.94
Model 20: llik = -19141.52 ... best llik = -19137.94
Conditional item response (column) probabilities,
 by outcome variable, for each class (row) 
 
$PoliticsIN13
           Pr(1)  Pr(2)  Pr(3)
class 1:  0.6724 0.0000 0.3276
class 2:  0.9369 0.0434 0.0197
class 3:  0.9405 0.0470 0.0124
class 4:  0.1290 0.7503 0.1206
class 5:  0.5780 0.3769 0.0451
class 6:  0.5100 0.4271 0.0628
class 7:  0.7047 0.2818 0.0135
class 8:  0.5231 0.3899 0.0870
class 9:  0.8589 0.1045 0.0366

$GovernmentProcessIN13
           Pr(1)  Pr(2)  Pr(3)
class 1:  0.0981 0.1932 0.7087
class 2:  0.9480 0.0192 0.0328
class 3:  0.8084 0.1744 0.0172
class 4:  0.0153 0.8506 0.1341
class 5:  0.1459 0.7380 0.1162
class 6:  0.4648 0.5034 0.0317
class 7:  0.2838 0.6916 0.0247
class 8:  0.3053 0.5952 0.0995
class 9:  0.8055 0.1335 0.0611

$CouncilTaxIN13
           Pr(1)  Pr(2)  Pr(3)
class 1:  0.2341 0.1720 0.5939
class 2:  0.9173 0.0576 0.0251
class 3:  0.9258 0.0585 0.0157
class 4:  0.1102 0.6740 0.2158
class 5:  0.3796 0.5232 0.0971
class 6:  0.6307 0.2570 0.1123
class 7:  0.4291 0.4998 0.0710
class 8:  0.4575 0.4385 0.1039
class 9:  0.9022 0.0827 0.0152

$PublicServicesIN13
           Pr(1)  Pr(2)  Pr(3)
class 1:  0.1311 0.1327 0.7362
class 2:  0.8248 0.1160 0.0592
class 3:  0.8342 0.1573 0.0085
class 4:  0.0299 0.7271 0.2430
class 5:  0.1492 0.6358 0.2150
class 6:  0.4417 0.5123 0.0459
class 7:  0.3711 0.5528 0.0761
class 8:  0.2464 0.6036 0.1500
class 9:  0.9449 0.0435 0.0116

$ApplyForJobIN13
           Pr(1)  Pr(2)  Pr(3)
class 1:  0.3366 0.1135 0.5498
class 2:  0.8533 0.1241 0.0225
class 3:  0.9332 0.0493 0.0176
class 4:  0.1943 0.6271 0.1786
class 5:  0.6248 0.2881 0.0871
class 6:  0.1767 0.5168 0.3065
class 7:  0.6438 0.3562 0.0000
class 8:  0.6436 0.2538 0.1026
class 9:  0.7220 0.1880 0.0900

$LeisureIN13
           Pr(1)  Pr(2)  Pr(3)
class 1:  0.1735 0.0291 0.7973
class 2:  0.7865 0.1622 0.0513
class 3:  0.6688 0.2284 0.1029
class 4:  0.0225 0.4139 0.5636
class 5:  0.2739 0.4060 0.3201
class 6:  0.1237 0.3680 0.5083
class 7:  0.0399 0.4395 0.5206
class 8:  0.4107 0.5893 0.0000
class 9:  0.4649 0.2663 0.2688

$ProductsIN13
           Pr(1)  Pr(2)  Pr(3)
class 1:  0.2166 0.0837 0.6997
class 2:  0.8289 0.1500 0.0211
class 3:  0.7272 0.2223 0.0505
class 4:  0.0084 0.4895 0.5021
class 5:  0.1988 0.4937 0.3074
class 6:  0.2115 0.5067 0.2818
class 7:  0.0913 0.4572 0.4514
class 8:  0.4773 0.4233 0.0994
class 9:  0.6962 0.2152 0.0886

$CulturalActivitiesIN13
           Pr(1)  Pr(2)  Pr(3)
class 1:  0.4246 0.1302 0.4452
class 2:  0.8793 0.0462 0.0745
class 3:  0.8041 0.1386 0.0573
class 4:  0.0467 0.6592 0.2942
class 5:  0.3448 0.4151 0.2401
class 6:  0.5430 0.3063 0.1507
class 7:  0.3311 0.4054 0.2636
class 8:  0.7595 0.2277 0.0128
class 9:  0.8272 0.1315 0.0413

$PayBillsIN13
           Pr(1)  Pr(2)  Pr(3)
class 1:  0.3869 0.0000 0.6131
class 2:  0.8328 0.0603 0.1069
class 3:  0.8854 0.0543 0.0603
class 4:  0.0445 0.4401 0.5155
class 5:  0.2846 0.3659 0.3495
class 6:  0.4056 0.2640 0.3304
class 7:  0.5047 0.2603 0.2350
class 8:  0.2772 0.4317 0.2910
class 9:  0.8199 0.0678 0.1123

$SocialMediaRecodeIn21
          Pr(1) Pr(2)
class 1:      0     1
class 2:      0     1
class 3:      1     0
class 4:      0     1
class 5:      1     0
class 6:      0     1
class 7:      0     1
class 8:      0     1
class 9:      0     1

